1	2	3	4	5	6	ki
0.203839	0.717872	0.0342	0.034006	0.00278021	0.00730198	1e-18
0.204326	0.716373	0.0346034	0.0344397	0.00282759	0.00743042	1.08643e-18
0.204809	0.714864	0.0350117	0.0348791	0.00287576	0.00756112	1.18032e-18
0.205286	0.713345	0.035425	0.0353243	0.00292476	0.00769415	1.28233e-18
0.20576	0.711817	0.0358435	0.0357754	0.00297458	0.00782952	1.39316e-18
0.206228	0.71028	0.0362669	0.0362323	0.00302522	0.00796725	1.51356e-18
0.206693	0.708733	0.0366956	0.0366951	0.00307671	0.00810739	1.64437e-18
0.207152	0.707176	0.0371293	0.037164	0.00312905	0.00824998	1.78649e-18
0.207606	0.705608	0.0375686	0.0376393	0.00318229	0.00839512	1.94089e-18
0.208056	0.704032	0.038013	0.0381204	0.00323639	0.00854273	2.10863e-18
0.2085	0.702444	0.0384629	0.038608	0.00329139	0.00869296	2.29087e-18
0.20894	0.700847	0.0389183	0.0391019	0.00334731	0.0088458	2.48886e-18
0.209374	0.699239	0.039379	0.039602	0.00340413	0.00900124	2.70396e-18
0.209804	0.697621	0.0398451	0.0401086	0.00346188	0.00915937	2.93765e-18
0.210228	0.695993	0.0403169	0.0406216	0.00352058	0.00932023	3.19154e-18
0.210646	0.694354	0.0407943	0.0411413	0.00358024	0.00948387	3.46737e-18
0.21106	0.692704	0.0412775	0.0416677	0.00364088	0.00965033	3.76704e-18
0.211467	0.691044	0.0417662	0.0422005	0.00370247	0.00981958	4.09261e-18
0.21187	0.689372	0.0422609	0.0427402	0.00376508	0.00999177	4.44631e-18
0.212266	0.68769	0.0427613	0.0432868	0.00382869	0.0101669	4.83059e-18
0.212657	0.685997	0.0432675	0.0438401	0.00389331	0.0103449	5.24807e-18
0.213042	0.684293	0.0437796	0.0444004	0.00395896	0.010526	5.70164e-18
0.213421	0.682578	0.0442977	0.0449676	0.00402566	0.0107101	6.19441e-18
0.213795	0.680851	0.0448218	0.045542	0.00409342	0.0108973	6.72977e-18
0.214162	0.679113	0.0453518	0.0461233	0.00416224	0.0110876	7.31139e-18
0.214523	0.677363	0.0458881	0.046712	0.00423215	0.0112811	7.94328e-18
0.214878	0.675603	0.0464305	0.0473078	0.00430314	0.0114779	8.62979e-18
0.215227	0.67383	0.0469789	0.0479108	0.00437524	0.0116778	9.37562e-18
0.21557	0.672046	0.0475336	0.0485211	0.00444845	0.0118811	1.01859e-17
0.215906	0.67025	0.0480945	0.0491389	0.0045228	0.0120877	1.10662e-17
0.216235	0.668443	0.0486618	0.0497641	0.00459829	0.0122977	1.20226e-17
0.216559	0.666624	0.0492352	0.0503967	0.00467492	0.012511	1.30617e-17
0.216875	0.664792	0.0498152	0.0510369	0.00475273	0.0127279	1.41906e-17
0.217185	0.662949	0.0504015	0.0516846	0.0048317	0.0129482	1.5417e-17
0.217488	0.661093	0.0509943	0.0523401	0.00491188	0.0131721	1.67494e-17
0.217785	0.659226	0.0515934	0.0530032	0.00499324	0.0133996	1.8197e-17
0.218074	0.657346	0.052199	0.0536739	0.00507581	0.0136306	1.97697e-17
0.218357	0.655454	0.0528113	0.0543525	0.00515962	0.0138654	2.14783e-17
0.218632	0.65355	0.0534301	0.0550388	0.00524465	0.0141038	2.33346e-17
0.218901	0.651634	0.0540554	0.055733	0.00533092	0.014346	2.53513e-17
0.219162	0.649705	0.0546874	0.0564351	0.00541845	0.0145919	2.75423e-17
0.219416	0.647764	0.055326	0.0571451	0.00550724	0.0148417	2.99226e-17
0.219663	0.64581	0.0559712	0.057863	0.00559731	0.0150953	3.25087e-17
0.219902	0.643844	0.0566232	0.058589	0.00568866	0.0153528	3.53183e-17
0.220134	0.641865	0.0572818	0.059323	0.00578131	0.0156143	3.83707e-17
0.220359	0.639874	0.0579471	0.0600648	0.00587524	0.0158796	4.16869e-17
0.220576	0.637871	0.0586192	0.0608149	0.00597051	0.0161491	4.52898e-17
0.220785	0.635854	0.0592981	0.0615732	0.0060671	0.0164225	4.9204e-17
0.220987	0.633825	0.0599837	0.0623395	0.00616502	0.0167	5.34564e-17
0.22118	0.631784	0.060676	0.0631139	0.00626427	0.0169816	5.80764e-17
0.221367	0.629729	0.0613752	0.0638965	0.00636487	0.0172674	6.30957e-17
0.221545	0.627663	0.062081	0.0646872	0.00646682	0.0175573	6.85488e-17
0.221715	0.625583	0.0627938	0.0654862	0.00657014	0.0178514	7.44732e-17
0.221878	0.623491	0.0635133	0.0662933	0.00667481	0.0181497	8.09096e-17
0.222032	0.621387	0.0642395	0.0671086	0.00678087	0.0184524	8.79023e-17
0.222178	0.619269	0.0649726	0.0679322	0.00688832	0.0187593	9.54993e-17
0.222316	0.617139	0.0657125	0.068764	0.00699715	0.0190705	1.03753e-16
0.222446	0.614997	0.0664591	0.0696039	0.00710736	0.019386	1.1272e-16
0.222568	0.612842	0.0672126	0.0704522	0.00721899	0.019706	1.22462e-16
0.222682	0.610675	0.0679727	0.0713085	0.00733199	0.0200303	1.33045e-16
0.222787	0.608495	0.0687395	0.072173	0.00744642	0.0203591	1.44544e-16
0.222884	0.606303	0.0695132	0.0730458	0.00756225	0.0206923	1.57036e-16
0.222972	0.604098	0.0702934	0.0739266	0.0076795	0.0210299	1.70608e-16
0.223052	0.601881	0.0710804	0.0748157	0.00779815	0.021372	1.85353e-16
0.223124	0.599652	0.071874	0.0757129	0.00791824	0.0217187	2.01372e-16
0.223187	0.597411	0.0726742	0.076618	0.00803973	0.0220699	2.18776e-16
0.223242	0.595158	0.073481	0.0775313	0.00816265	0.0224255	2.37684e-16
0.223288	0.592893	0.0742944	0.0784526	0.00828698	0.0227857	2.58226e-16
0.223325	0.590615	0.0751142	0.0793819	0.00841275	0.0231506	2.80543e-16
0.223354	0.588326	0.0759405	0.080319	0.00853991	0.0235199	3.04789e-16
0.223374	0.586026	0.0767733	0.0812642	0.00866851	0.0238938	3.31131e-16
0.223386	0.583714	0.0776124	0.0822171	0.00879851	0.0242724	3.59749e-16
0.223389	0.58139	0.0784579	0.0831779	0.00892994	0.0246555	3.90841e-16
0.223383	0.579055	0.0793097	0.0841466	0.00906279	0.0250432	4.2462e-16
0.223369	0.576708	0.0801676	0.0851227	0.00919702	0.0254355	4.61318e-16
0.223346	0.574351	0.0810318	0.0861067	0.00933268	0.0258325	5.01187e-16
0.223314	0.571982	0.081902	0.087098	0.00946972	0.026234	5.44503e-16
0.223273	0.569603	0.0827783	0.088097	0.00960817	0.0266401	5.91562e-16
0.223224	0.567213	0.0836605	0.0891033	0.009748	0.0270508	6.42688e-16
0.223166	0.564813	0.0845488	0.0901171	0.00988922	0.0274662	6.98232e-16
0.2231	0.562402	0.0854427	0.091138	0.0100318	0.027886	7.58578e-16
0.223024	0.559981	0.0863424	0.0921661	0.0101757	0.0283105	8.24138e-16
0.22294	0.55755	0.0872479	0.0932014	0.0103211	0.0287395	8.95365e-16
0.222848	0.555109	0.0881588	0.0942436	0.0104677	0.029173	9.72747e-16
0.222746	0.552659	0.0890754	0.0952928	0.0106157	0.0296112	1.05682e-15
0.222636	0.550199	0.0899973	0.0963488	0.010765	0.0300537	1.14815e-15
0.222518	0.54773	0.0909245	0.0974114	0.0109156	0.0305008	1.24738e-15
0.222391	0.545252	0.0918569	0.0984807	0.0110676	0.0309523	1.35519e-15
0.222255	0.542765	0.0927945	0.0995564	0.0112208	0.0314083	1.47231e-15
0.222111	0.540269	0.0937371	0.100639	0.0113753	0.0318687	1.59956e-15
0.221958	0.537766	0.0946847	0.101727	0.0115311	0.0323335	1.7378e-15
0.221797	0.535254	0.095637	0.102821	0.0116881	0.0328027	1.88799e-15
0.221627	0.532734	0.0965941	0.103922	0.0118464	0.0332761	2.05116e-15
0.22145	0.530207	0.0975557	0.105028	0.0120058	0.0337539	2.22844e-15
0.221263	0.527672	0.0985219	0.106141	0.0121665	0.0342359	2.42103e-15
0.221069	0.52513	0.0994924	0.107258	0.0123283	0.0347221	2.63027e-15
0.220866	0.522581	0.100467	0.108382	0.0124914	0.0352125	2.85759e-15
0.220655	0.520026	0.101446	0.10951	0.0126555	0.035707	3.10456e-15
0.220436	0.517464	0.102429	0.110644	0.0128208	0.0362056	3.37287e-15
0.220209	0.514896	0.103416	0.111783	0.0129873	0.0367083	3.66438e-15
0.219974	0.512323	0.104406	0.112927	0.0131547	0.0372149	3.98107e-15
0.219731	0.509744	0.1054	0.114075	0.0133233	0.0377254	4.32514e-15
0.21948	0.50716	0.106398	0.115229	0.0134929	0.0382399	4.69894e-15
0.219222	0.504571	0.107399	0.116386	0.0136635	0.0387582	5.10505e-15
0.218956	0.501978	0.108403	0.117548	0.0138351	0.0392802	5.54626e-15
0.218682	0.49938	0.109411	0.118714	0.0140078	0.039806	6.0256e-15
0.218401	0.496778	0.110421	0.119884	0.0141813	0.0403353	6.54636e-15
0.218112	0.494172	0.111434	0.121058	0.0143558	0.0408683	7.11214e-15
0.217816	0.491563	0.112449	0.122235	0.0145312	0.0414048	7.72681e-15
0.217512	0.488951	0.113468	0.123416	0.0147075	0.0419448	8.3946e-15
0.217202	0.486337	0.114488	0.1246	0.0148846	0.0424881	9.12011e-15
0.216884	0.48372	0.115511	0.125788	0.0150626	0.0430348	9.90832e-15
0.21656	0.4811	0.116536	0.126978	0.0152414	0.0435847	1.07647e-14
0.216228	0.47848	0.117562	0.128171	0.0154209	0.0441378	1.1695e-14
0.21589	0.475857	0.118591	0.129366	0.0156012	0.044694	1.27057e-14
0.215545	0.473234	0.119621	0.130564	0.0157822	0.0452532	1.38038e-14
0.215194	0.470609	0.120653	0.131765	0.0159639	0.0458154	1.49968e-14
0.214836	0.467985	0.121686	0.132967	0.0161463	0.0463805	1.6293e-14
0.214472	0.46536	0.12272	0.134171	0.0163293	0.0469483	1.77011e-14
0.214101	0.462735	0.123755	0.135377	0.0165129	0.0475188	1.92309e-14
0.213725	0.460111	0.124791	0.136584	0.0166971	0.048092	2.0893e-14
0.213342	0.457488	0.125827	0.137793	0.0168818	0.0486677	2.26986e-14
0.212954	0.454866	0.126865	0.139003	0.0170671	0.0492459	2.46604e-14
0.212559	0.452246	0.127902	0.140213	0.0172528	0.0498264	2.67917e-14
0.21216	0.449627	0.12894	0.141425	0.017439	0.0504093	2.91072e-14
0.211754	0.447011	0.129978	0.142637	0.0176257	0.0509943	3.16228e-14
0.211343	0.444397	0.131016	0.143849	0.0178127	0.0515814	3.43558e-14
0.210927	0.441786	0.132054	0.145062	0.0180001	0.0521706	3.7325e-14
0.210506	0.439178	0.133091	0.146275	0.0181879	0.0527617	4.05509e-14
0.21008	0.436574	0.134128	0.147488	0.0183759	0.0533547	4.40555e-14
0.209649	0.433973	0.135164	0.1487	0.0185643	0.0539494	4.7863e-14
0.209213	0.431377	0.1362	0.149912	0.0187529	0.0545457	5.19996e-14
0.208773	0.428785	0.137234	0.151123	0.0189417	0.0551436	5.64937e-14
0.208328	0.426198	0.138267	0.152333	0.0191307	0.0557431	6.13762e-14
0.207878	0.423616	0.139299	0.153542	0.0193198	0.0563439	6.66807e-14
0.207425	0.42104	0.14033	0.154751	0.0195091	0.056946	7.24436e-14
0.206967	0.418469	0.141359	0.155957	0.0196985	0.0575493	7.87046e-14
0.206505	0.415904	0.142387	0.157163	0.019888	0.0581537	8.55067e-14
0.20604	0.413345	0.143412	0.158366	0.0200775	0.0587592	9.28966e-14
0.20557	0.410793	0.144436	0.159568	0.020267	0.0593655	1.00925e-13
0.205097	0.408249	0.145458	0.160767	0.0204565	0.0599727	1.09648e-13
0.204621	0.405711	0.146477	0.161964	0.0206459	0.0605807	1.19124e-13
0.204141	0.40318	0.147495	0.163159	0.0208353	0.0611893	1.2942e-13
0.203658	0.400658	0.148509	0.164352	0.0210245	0.0617985	1.40605e-13
0.203172	0.398143	0.149521	0.165542	0.0212137	0.0624081	1.52757e-13
0.202684	0.395637	0.150531	0.166729	0.0214026	0.063018	1.65959e-13
0.202192	0.393139	0.151537	0.167913	0.0215914	0.0636284	1.80302e-13
0.201697	0.39065	0.152541	0.169093	0.0217799	0.0642389	1.95884e-13
0.2012	0.38817	0.153541	0.170271	0.0219682	0.0648495	2.12814e-13
0.200701	0.385699	0.154538	0.171445	0.0221563	0.0654601	2.31206e-13
0.200199	0.383238	0.155532	0.172616	0.022344	0.0660707	2.51189e-13
0.199696	0.380787	0.156523	0.173782	0.0225314	0.0666811	2.72898e-13
0.19919	0.378345	0.15751	0.174945	0.0227185	0.0672913	2.96483e-13
0.198682	0.375914	0.158493	0.176105	0.0229052	0.0679012	3.22107e-13
0.198172	0.373494	0.159472	0.177259	0.0230915	0.0685106	3.49945e-13
0.197661	0.371084	0.160448	0.17841	0.0232774	0.0691196	3.80189e-13
0.197148	0.368685	0.16142	0.179557	0.0234628	0.0697281	4.13048e-13
0.196634	0.366297	0.162388	0.180698	0.0236477	0.0703358	4.48745e-13
0.196118	0.36392	0.163351	0.181836	0.0238322	0.0709428	4.87528e-13
0.195601	0.361555	0.16431	0.182968	0.0240162	0.071549	5.29663e-13
0.195083	0.359201	0.165265	0.184096	0.0241995	0.0721543	5.7544e-13
0.194564	0.35686	0.166216	0.185219	0.0243824	0.0727587	6.25173e-13
0.194045	0.35453	0.167162	0.186337	0.0245647	0.0733621	6.79204e-13
0.193524	0.352212	0.168104	0.187449	0.0247463	0.0739643	7.37904e-13
0.193003	0.349907	0.16904	0.188557	0.0249274	0.0745653	8.01678e-13
0.192481	0.347615	0.169973	0.189659	0.0251077	0.0751651	8.70964e-13
0.191959	0.345335	0.1709	0.190756	0.0252875	0.0757636	9.46237e-13
0.191436	0.343067	0.171822	0.191847	0.0254665	0.0763606	1.02802e-12
0.190913	0.340813	0.17274	0.192933	0.0256449	0.0769562	1.11686e-12
0.19039	0.338572	0.173652	0.194013	0.0258225	0.0775503	1.21339e-12
0.189867	0.336344	0.17456	0.195087	0.0259994	0.0781428	1.31826e-12
0.189345	0.334129	0.175462	0.196155	0.0261756	0.0787336	1.43219e-12
0.188822	0.331928	0.176359	0.197218	0.026351	0.0793227	1.55597e-12
0.188299	0.32974	0.177251	0.198274	0.0265255	0.07991	1.69044e-12
0.187777	0.327566	0.178138	0.199324	0.0266994	0.0804955	1.83654e-12
0.187255	0.325405	0.179019	0.200369	0.0268723	0.081079	1.99526e-12
0.186734	0.323259	0.179895	0.201407	0.0270445	0.0816607	2.1677e-12
0.186213	0.321126	0.180766	0.202439	0.0272158	0.0822403	2.35505e-12
0.185693	0.319007	0.181631	0.203465	0.0273863	0.0828179	2.55859e-12
0.185174	0.316902	0.18249	0.204484	0.0275559	0.0833933	2.77971e-12
0.184656	0.314812	0.183344	0.205497	0.0277246	0.0839666	3.01995e-12
0.184138	0.312736	0.184193	0.206504	0.0278925	0.0845377	3.28095e-12
0.183622	0.310673	0.185035	0.207504	0.0280594	0.0851065	3.56451e-12
0.183106	0.308626	0.185872	0.208497	0.0282254	0.0856731	3.87258e-12
0.182592	0.306592	0.186704	0.209484	0.0283905	0.0862372	4.20727e-12
0.182079	0.304573	0.18753	0.210465	0.0285547	0.086799	4.57088e-12
0.181567	0.302569	0.18835	0.211438	0.0287179	0.0873583	4.96592e-12
0.181057	0.300578	0.189164	0.212405	0.0288802	0.0879152	5.39511e-12
0.180548	0.298603	0.189973	0.213366	0.0290415	0.0884695	5.86138e-12
0.18004	0.296642	0.190775	0.21432	0.0292018	0.0890214	6.36796e-12
0.179534	0.294695	0.191572	0.215267	0.0293612	0.0895706	6.91831e-12
0.17903	0.292763	0.192363	0.216207	0.0295196	0.0901171	7.51623e-12
0.178527	0.290846	0.193149	0.21714	0.029677	0.0906611	8.16582e-12
0.178026	0.288943	0.193928	0.218067	0.0298334	0.0912024	8.87156e-12
0.177527	0.287055	0.194702	0.218987	0.0299888	0.0917409	9.63829e-12
0.177029	0.285181	0.19547	0.2199	0.0301432	0.0922767	1.04713e-11
0.176533	0.283322	0.196232	0.220807	0.0302966	0.0928097	1.13763e-11
0.17604	0.281478	0.196988	0.221706	0.0304489	0.0933399	1.23595e-11
0.175548	0.279648	0.197738	0.222599	0.0306003	0.0938673	1.34276e-11
0.175058	0.277832	0.198483	0.223485	0.0307506	0.0943918	1.45881e-11
0.17457	0.276032	0.199221	0.224364	0.0308999	0.0949135	1.58489e-11
0.174085	0.274245	0.199954	0.225236	0.0310482	0.0954322	1.72187e-11
0.173601	0.272473	0.200681	0.226101	0.0311954	0.0959481	1.87068e-11
0.17312	0.270716	0.201402	0.22696	0.0313416	0.0964609	2.03236e-11
0.172641	0.268973	0.202117	0.227811	0.0314868	0.0969709	2.208e-11
0.172164	0.267245	0.202827	0.228656	0.0316309	0.0974779	2.39883e-11
0.171689	0.26553	0.20353	0.229494	0.031774	0.0979818	2.60615e-11
0.171217	0.263831	0.204228	0.230326	0.031916	0.0984828	2.83139e-11
0.170747	0.262145	0.20492	0.23115	0.032057	0.0989807	3.0761e-11
0.170279	0.260474	0.205607	0.231968	0.0321969	0.0994756	3.34195e-11
0.169814	0.258817	0.206287	0.232779	0.0323358	0.0999675	3.63078e-11
0.169351	0.257173	0.206962	0.233583	0.0324737	0.100456	3.94457e-11
0.16889	0.255545	0.207631	0.234381	0.0326105	0.100942	4.28549e-11
0.168433	0.25393	0.208295	0.235172	0.0327463	0.101425	4.65586e-11
0.167977	0.252329	0.208953	0.235956	0.032881	0.101904	5.05825e-11
0.167524	0.250742	0.209605	0.236734	0.0330147	0.102381	5.49541e-11
0.167074	0.249168	0.210251	0.237505	0.0331474	0.102854	5.97035e-11
0.166626	0.247609	0.210892	0.238269	0.033279	0.103325	6.48634e-11
0.166181	0.246063	0.211528	0.239027	0.0334095	0.103792	7.04693e-11
0.165738	0.244531	0.212157	0.239778	0.0335391	0.104256	7.65597e-11
0.165298	0.243013	0.212782	0.240523	0.0336676	0.104717	8.31764e-11
0.164861	0.241508	0.213401	0.241261	0.0337951	0.105175	9.03649e-11
0.164426	0.240016	0.214014	0.241993	0.0339215	0.10563	9.81748e-11
0.163994	0.238538	0.214622	0.242719	0.034047	0.106081	1.0666e-10
0.163564	0.237073	0.215224	0.243438	0.0341714	0.10653	1.15878e-10
0.163137	0.235621	0.215821	0.24415	0.0342947	0.106975	1.25893e-10
0.162713	0.234183	0.216413	0.244856	0.0344171	0.107417	1.36773e-10
0.162292	0.232757	0.216999	0.245556	0.0345385	0.107857	1.48594e-10
0.161873	0.231345	0.21758	0.24625	0.0346588	0.108293	1.61436e-10
0.161457	0.229945	0.218156	0.246938	0.0347782	0.108726	1.75388e-10
0.161044	0.228558	0.218727	0.247619	0.0348965	0.109156	1.90546e-10
0.160633	0.227184	0.219292	0.248294	0.0350139	0.109582	2.07014e-10
0.160225	0.225823	0.219852	0.248963	0.0351302	0.110006	2.24905e-10
0.15982	0.224474	0.220408	0.249626	0.0352456	0.110427	2.44343e-10
0.159418	0.223137	0.220958	0.250283	0.03536	0.110844	2.65461e-10
0.159018	0.221813	0.221502	0.250934	0.0354734	0.111259	2.88403e-10
0.158621	0.220502	0.222042	0.251579	0.0355859	0.11167	3.13329e-10
0.158227	0.219202	0.222577	0.252218	0.0356974	0.112078	3.40408e-10
0.157835	0.217915	0.223107	0.252851	0.0358079	0.112484	3.69828e-10
0.157447	0.216639	0.223632	0.253478	0.0359174	0.112886	4.01791e-10
0.157061	0.215376	0.224152	0.2541	0.036026	0.113285	4.36516e-10
0.156677	0.214125	0.224667	0.254716	0.0361337	0.113681	4.74242e-10
0.156297	0.212885	0.225178	0.255326	0.0362404	0.114074	5.15229e-10
0.155919	0.211657	0.225683	0.25593	0.0363462	0.114465	5.59758e-10
0.155544	0.21044	0.226184	0.256529	0.0364511	0.114852	6.08135e-10
0.155171	0.209236	0.22668	0.257122	0.036555	0.115236	6.60693e-10
0.154802	0.208042	0.227172	0.257709	0.036658	0.115617	7.17794e-10
0.154435	0.20686	0.227659	0.258291	0.0367601	0.115996	7.7983e-10
0.15407	0.205689	0.228141	0.258868	0.0368613	0.116371	8.47227e-10
0.153709	0.204529	0.228618	0.259439	0.0369615	0.116743	9.2045e-10
0.15335	0.20338	0.229091	0.260004	0.0370609	0.117113	1e-09
0.152993	0.202243	0.22956	0.260565	0.0371594	0.11748	1.08643e-09
0.15264	0.201116	0.230024	0.26112	0.0372571	0.117843	1.18032e-09
0.152289	0.2	0.230484	0.26167	0.0373538	0.118204	1.28233e-09
0.151941	0.198894	0.230939	0.262214	0.0374497	0.118562	1.39316e-09
0.151595	0.197799	0.23139	0.262754	0.0375447	0.118917	1.51356e-09
0.151252	0.196715	0.231837	0.263288	0.0376388	0.11927	1.64437e-09
0.150912	0.195641	0.232279	0.263817	0.0377321	0.119619	1.78649e-09
0.150574	0.194578	0.232717	0.264341	0.0378245	0.119966	1.94089e-09
0.150239	0.193524	0.233151	0.26486	0.0379161	0.12031	2.10863e-09
0.149906	0.192481	0.233581	0.265374	0.0380069	0.120651	2.29087e-09
0.149576	0.191448	0.234006	0.265883	0.0380968	0.120989	2.48886e-09
0.149249	0.190425	0.234428	0.266388	0.0381859	0.121325	2.70396e-09
0.148924	0.189411	0.234845	0.266887	0.0382742	0.121658	2.93765e-09
0.148602	0.188408	0.235259	0.267382	0.0383617	0.121988	3.19154e-09
0.148282	0.187414	0.235668	0.267872	0.0384484	0.122316	3.46737e-09
0.147965	0.18643	0.236074	0.268357	0.0385343	0.12264	3.76704e-09
0.14765	0.185455	0.236475	0.268837	0.0386194	0.122963	4.09261e-09
0.147338	0.18449	0.236873	0.269313	0.0387037	0.123282	4.44631e-09
0.147028	0.183534	0.237266	0.269785	0.0387872	0.123599	4.83059e-09
0.146721	0.182588	0.237656	0.270251	0.03887	0.123913	5.24807e-09
0.146416	0.18165	0.238043	0.270714	0.038952	0.124225	5.70164e-09
0.146114	0.180722	0.238425	0.271171	0.0390332	0.124534	6.19441e-09
0.145814	0.179803	0.238804	0.271625	0.0391137	0.124841	6.72977e-09
0.145516	0.178893	0.239179	0.272074	0.0391934	0.125145	7.31139e-09
0.145221	0.177991	0.23955	0.272518	0.0392724	0.125446	7.94328e-09
0.144929	0.177099	0.239918	0.272959	0.0393507	0.125745	8.62979e-09
0.144638	0.176215	0.240282	0.273395	0.0394282	0.126042	9.37562e-09
0.14435	0.175339	0.240643	0.273827	0.039505	0.126336	1.01859e-08
0.144065	0.174472	0.241	0.274254	0.0395811	0.126627	1.10662e-08
0.143782	0.173614	0.241354	0.274678	0.0396565	0.126916	1.20226e-08
0.143501	0.172764	0.241704	0.275097	0.0397312	0.127203	1.30617e-08
0.143222	0.171922	0.242051	0.275513	0.0398052	0.127487	1.41906e-08
0.142946	0.171088	0.242395	0.275924	0.0398785	0.127769	1.5417e-08
0.142672	0.170263	0.242735	0.276331	0.0399511	0.128049	1.67494e-08
0.1424	0.169445	0.243072	0.276735	0.040023	0.128326	1.8197e-08
0.14213	0.168635	0.243405	0.277134	0.0400942	0.128601	1.97697e-08
0.141863	0.167834	0.243736	0.27753	0.0401648	0.128873	2.14783e-08
0.141598	0.16704	0.244063	0.277921	0.0402347	0.129143	2.33346e-08
0.141335	0.166254	0.244387	0.278309	0.040304	0.129411	2.53513e-08
0.141075	0.165475	0.244707	0.278693	0.0403726	0.129677	2.75423e-08
0.140816	0.164704	0.245025	0.279074	0.0404406	0.12994	2.99226e-08
0.14056	0.163941	0.245339	0.279451	0.0405079	0.130201	3.25087e-08
0.140306	0.163185	0.245651	0.279824	0.0405746	0.13046	3.53183e-08
0.140054	0.162436	0.245959	0.280193	0.0406407	0.130717	3.83707e-08
0.139804	0.161695	0.246265	0.280559	0.0407062	0.130971	4.16869e-08
0.139556	0.160961	0.246567	0.280921	0.040771	0.131223	4.52898e-08
0.13931	0.160234	0.246867	0.28128	0.0408352	0.131473	4.9204e-08
0.139066	0.159514	0.247164	0.281636	0.0408989	0.131721	5.34564e-08
0.138825	0.158801	0.247457	0.281987	0.0409619	0.131967	5.80764e-08
0.138585	0.158095	0.247748	0.282336	0.0410243	0.132211	6.30957e-08
0.138348	0.157396	0.248036	0.282681	0.0410861	0.132453	6.85488e-08
0.138112	0.156704	0.248322	0.283023	0.0411474	0.132692	7.44732e-08
0.137879	0.156018	0.248604	0.283361	0.0412081	0.13293	8.09096e-08
0.137647	0.155339	0.248884	0.283696	0.0412682	0.133165	8.79023e-08
0.137418	0.154667	0.249161	0.284028	0.0413278	0.133399	9.54993e-08
0.13719	0.154001	0.249435	0.284357	0.0413868	0.13363	1.03753e-07
0.136964	0.153342	0.249707	0.284682	0.0414452	0.13386	1.1272e-07
0.136741	0.152689	0.249976	0.285005	0.0415031	0.134087	1.22462e-07
0.136519	0.152042	0.250242	0.285324	0.0415604	0.134313	1.33045e-07
0.136299	0.151401	0.250506	0.28564	0.0416172	0.134536	1.44544e-07
0.136081	0.150767	0.250768	0.285953	0.0416735	0.134758	1.57036e-07
0.135864	0.150139	0.251026	0.286263	0.0417292	0.134978	1.70608e-07
0.13565	0.149517	0.251283	0.28657	0.0417844	0.135196	1.85353e-07
0.135437	0.148901	0.251536	0.286874	0.0418391	0.135412	2.01372e-07
0.135227	0.148291	0.251788	0.287175	0.0418933	0.135626	2.18776e-07
0.135018	0.147687	0.252037	0.287474	0.0419469	0.135838	2.37684e-07
0.134811	0.147089	0.252283	0.287769	0.0420001	0.136048	2.58226e-07
0.134605	0.146496	0.252527	0.288061	0.0420527	0.136257	2.80543e-07
0.134402	0.145909	0.252769	0.288351	0.0421049	0.136464	3.04789e-07
0.1342	0.145328	0.253008	0.288638	0.0421566	0.136669	3.31131e-07
0.134	0.144753	0.253245	0.288922	0.0422078	0.136872	3.59749e-07
0.133802	0.144183	0.25348	0.289204	0.0422585	0.137074	3.90841e-07
0.133605	0.143618	0.253713	0.289482	0.0423087	0.137273	4.2462e-07
0.13341	0.143059	0.253943	0.289758	0.0423585	0.137471	4.61318e-07
0.133217	0.142505	0.254171	0.290032	0.0424078	0.137667	5.01187e-07
0.133025	0.141957	0.254397	0.290302	0.0424566	0.137862	5.44503e-07
0.132835	0.141414	0.254621	0.29057	0.0425049	0.138055	5.91562e-07
0.132647	0.140876	0.254843	0.290836	0.0425529	0.138246	6.42688e-07
0.13246	0.140343	0.255062	0.291099	0.0426003	0.138436	6.98232e-07
0.132275	0.139816	0.255279	0.291359	0.0426474	0.138624	7.58578e-07
0.132091	0.139293	0.255495	0.291617	0.042694	0.13881	8.24138e-07
0.131909	0.138775	0.255708	0.291873	0.0427401	0.138994	8.95365e-07
0.131729	0.138263	0.255919	0.292126	0.0427858	0.139177	9.72747e-07
0.13155	0.137755	0.256128	0.292377	0.0428311	0.139359	1.05682e-06
0.131373	0.137252	0.256335	0.292625	0.0428759	0.139539	1.14815e-06
0.131197	0.136754	0.25654	0.292871	0.0429204	0.139717	1.24738e-06
0.131023	0.136261	0.256744	0.293114	0.0429644	0.139894	1.35519e-06
0.130851	0.135772	0.256945	0.293355	0.043008	0.140069	1.47231e-06
0.130679	0.135288	0.257144	0.293594	0.0430512	0.140243	1.59956e-06
0.13051	0.134809	0.257342	0.293831	0.043094	0.140415	1.7378e-06
0.130341	0.134334	0.257537	0.294065	0.0431364	0.140586	1.88799e-06
0.130175	0.133864	0.257731	0.294297	0.0431784	0.140755	2.05116e-06
0.130009	0.133398	0.257923	0.294527	0.04322	0.140922	2.22844e-06
0.129845	0.132937	0.258113	0.294755	0.0432612	0.141089	2.42103e-06
0.129683	0.13248	0.258301	0.29498	0.043302	0.141253	2.63027e-06
0.129522	0.132027	0.258487	0.295204	0.0433425	0.141417	2.85759e-06
0.129362	0.131579	0.258672	0.295425	0.0433826	0.141579	3.10456e-06
0.129204	0.131135	0.258855	0.295644	0.0434223	0.14174	3.37287e-06
0.129047	0.130695	0.259036	0.295861	0.0434616	0.141899	3.66438e-06
0.128892	0.130259	0.259215	0.296077	0.0435006	0.142056	3.98107e-06
0.128737	0.129828	0.259393	0.29629	0.0435392	0.142213	4.32514e-06
0.128584	0.1294	0.259569	0.296501	0.0435775	0.142368	4.69894e-06
0.128433	0.128977	0.259744	0.296709	0.0436153	0.142521	5.10505e-06
0.128283	0.128558	0.259916	0.296916	0.0436529	0.142674	5.54626e-06
0.128134	0.128142	0.260088	0.297122	0.0436901	0.142825	6.0256e-06
0.127986	0.127731	0.260257	0.297325	0.0437269	0.142975	6.54636e-06
0.12784	0.127323	0.260425	0.297526	0.0437634	0.143123	7.11214e-06
0.127695	0.126919	0.260591	0.297725	0.0437996	0.14327	7.72681e-06
0.127551	0.126519	0.260756	0.297923	0.0438354	0.143416	8.3946e-06
0.127408	0.126123	0.260919	0.298118	0.0438709	0.143561	9.12011e-06
0.127267	0.12573	0.261081	0.298312	0.0439061	0.143704	9.90832e-06
0.127127	0.125341	0.261241	0.298504	0.0439409	0.143846	1.07647e-05
0.126988	0.124956	0.261399	0.298694	0.0439754	0.143987	1.1695e-05
0.12685	0.124575	0.261557	0.298882	0.0440096	0.144126	1.27057e-05
0.126714	0.124197	0.261712	0.299069	0.0440435	0.144265	1.38038e-05
0.126579	0.123822	0.261866	0.299254	0.0440771	0.144402	1.49968e-05
0.126445	0.123451	0.262019	0.299437	0.0441103	0.144538	1.6293e-05
0.126312	0.123084	0.262171	0.299618	0.0441433	0.144673	1.77011e-05
0.12618	0.12272	0.26232	0.299798	0.044176	0.144806	1.92309e-05
0.126049	0.122359	0.262469	0.299976	0.0442083	0.144939	2.0893e-05
0.12592	0.122002	0.262616	0.300152	0.0442404	0.14507	2.26986e-05
0.125791	0.121648	0.262762	0.300327	0.0442721	0.1452	2.46604e-05
0.125664	0.121297	0.262906	0.3005	0.0443036	0.145329	2.67917e-05
0.125538	0.12095	0.263049	0.300671	0.0443348	0.145457	2.91072e-05
0.125413	0.120606	0.263191	0.300841	0.0443657	0.145584	3.16228e-05
0.125289	0.120265	0.263331	0.301009	0.0443962	0.14571	3.43558e-05
0.125166	0.119927	0.26347	0.301176	0.0444266	0.145835	3.7325e-05
0.125044	0.119592	0.263608	0.301341	0.0444566	0.145958	4.05509e-05
0.124923	0.119261	0.263745	0.301505	0.0444864	0.146081	4.40555e-05
0.124803	0.118932	0.26388	0.301667	0.0445159	0.146202	4.7863e-05
0.124685	0.118607	0.264014	0.301827	0.0445451	0.146322	5.19996e-05
0.124567	0.118284	0.264146	0.301986	0.0445741	0.146442	5.64937e-05
0.12445	0.117965	0.264278	0.302144	0.0446028	0.14656	6.13762e-05
0.124335	0.117649	0.264408	0.3023	0.0446312	0.146677	6.66807e-05
0.12422	0.117335	0.264537	0.302455	0.0446594	0.146794	7.24436e-05
0.124106	0.117025	0.264665	0.302608	0.0446873	0.146909	7.87046e-05
0.123994	0.116717	0.264792	0.30276	0.044715	0.147023	8.55067e-05
0.123882	0.116412	0.264917	0.30291	0.0447424	0.147136	9.28966e-05
0.123771	0.11611	0.265042	0.303059	0.0447695	0.147248	0.000100925
0.123661	0.115811	0.265165	0.303207	0.0447964	0.14736	0.000109648
0.123553	0.115514	0.265287	0.303353	0.0448231	0.14747	0.000119124
0.123445	0.11522	0.265408	0.303498	0.0448495	0.14758	0.00012942
0.123338	0.114929	0.265528	0.303642	0.0448757	0.147688	0.000140605
0.123232	0.114641	0.265646	0.303784	0.0449016	0.147795	0.000152757
0.123127	0.114355	0.265764	0.303925	0.0449273	0.147902	0.000165959
0.123022	0.114072	0.265881	0.304065	0.0449528	0.148008	0.000180302
0.122919	0.113791	0.265996	0.304203	0.044978	0.148112	0.000195884
0.122817	0.113513	0.266111	0.30434	0.0450031	0.148216	0.000212814
0.122715	0.113238	0.266224	0.304476	0.0450278	0.148319	0.000231206
0.122615	0.112965	0.266336	0.304611	0.0450524	0.148421	0.000251189
0.122515	0.112694	0.266448	0.304744	0.0450767	0.148522	0.000272898
0.122416	0.112426	0.266558	0.304876	0.0451008	0.148623	0.000296483
0.122318	0.112161	0.266667	0.305007	0.0451248	0.148722	0.000322107
0.122221	0.111898	0.266775	0.305137	0.0451484	0.14882	0.000349945
0.122124	0.111637	0.266883	0.305266	0.0451719	0.148918	0.000380189
0.122029	0.111379	0.266989	0.305393	0.0451952	0.149015	0.000413048
0.121934	0.111123	0.267094	0.305519	0.0452182	0.149111	0.000448745
0.12184	0.110869	0.267199	0.305644	0.045241	0.149206	0.000487528
0.121747	0.110618	0.267302	0.305768	0.0452637	0.149301	0.000529663
0.121655	0.110369	0.267405	0.305891	0.0452861	0.149394	0.00057544
0.121563	0.110122	0.267506	0.306013	0.0453083	0.149487	0.000625173
0.121473	0.109878	0.267607	0.306133	0.0453303	0.149579	0.000679204
0.121383	0.109636	0.267707	0.306253	0.0453522	0.14967	0.000737904
0.121294	0.109396	0.267805	0.306371	0.0453738	0.14976	0.000801678
0.121205	0.109158	0.267903	0.306488	0.0453952	0.14985	0.000870964
0.121118	0.108922	0.268	0.306605	0.0454165	0.149939	0.000946237
0.121031	0.108688	0.268096	0.30672	0.0454375	0.150027	0.00102802
0.120945	0.108457	0.268192	0.306834	0.0454584	0.150114	0.00111686
0.12086	0.108227	0.268286	0.306947	0.0454791	0.150201	0.00121339
0.120775	0.108	0.26838	0.307059	0.0454996	0.150287	0.00131826
0.120691	0.107775	0.268472	0.30717	0.0455198	0.150371	0.00143219
0.120608	0.107552	0.268564	0.307281	0.04554	0.150456	0.00155597
0.120525	0.10733	0.268655	0.30739	0.0455599	0.15054	0.00169044
0.120444	0.107111	0.268745	0.307498	0.0455797	0.150622	0.00183654
0.120363	0.106894	0.268835	0.307605	0.0455993	0.150705	0.00199526
0.120282	0.106679	0.268923	0.307711	0.0456187	0.150786	0.0021677
0.120203	0.106465	0.269011	0.307816	0.0456379	0.150867	0.00235505
0.120124	0.106254	0.269098	0.30792	0.045657	0.150947	0.00255859
0.120045	0.106045	0.269184	0.308024	0.0456759	0.151026	0.00277971
0.119968	0.105837	0.26927	0.308126	0.0456946	0.151105	0.00301995
0.119891	0.105631	0.269354	0.308228	0.0457132	0.151183	0.00328095
0.119815	0.105427	0.269438	0.308328	0.0457315	0.15126	0.00356451
0.119739	0.105225	0.269522	0.308428	0.0457498	0.151337	0.00387258
0.119664	0.105025	0.269604	0.308526	0.0457679	0.151413	0.00420727
0.11959	0.104826	0.269686	0.308624	0.0457857	0.151488	0.00457088
0.119516	0.10463	0.269766	0.308721	0.0458035	0.151563	0.00496592
0.119443	0.104435	0.269847	0.308817	0.0458211	0.151637	0.00539511
0.11937	0.104242	0.269926	0.308913	0.0458385	0.151711	0.00586138
0.119299	0.10405	0.270005	0.309007	0.0458558	0.151784	0.00636796
0.119227	0.10386	0.270083	0.309101	0.0458729	0.151856	0.00691831
0.119157	0.103672	0.27016	0.309193	0.0458899	0.151927	0.00751623
0.119087	0.103486	0.270237	0.309285	0.0459067	0.151998	0.00816582
0.119018	0.103301	0.270313	0.309376	0.0459234	0.152069	0.00887156
0.118949	0.103118	0.270388	0.309466	0.0459399	0.152138	0.00963829
0.118881	0.102937	0.270463	0.309556	0.0459563	0.152207	0.0104713
0.118813	0.102757	0.270537	0.309645	0.0459725	0.152276	0.0113763
0.118746	0.102579	0.27061	0.309732	0.0459886	0.152344	0.0123595
0.118679	0.102402	0.270683	0.30982	0.0460045	0.152411	0.0134276
0.118614	0.102227	0.270755	0.309906	0.0460203	0.152478	0.0145881
0.118548	0.102053	0.270826	0.309991	0.046036	0.152545	0.0158489
0.118483	0.101882	0.270897	0.310076	0.0460515	0.15261	0.0172187
0.118419	0.101711	0.270967	0.31016	0.0460669	0.152675	0.0187068
0.118356	0.101542	0.271037	0.310243	0.0460822	0.15274	0.0203236
0.118292	0.101375	0.271106	0.310326	0.0460973	0.152804	0.02208
0.11823	0.101209	0.271174	0.310408	0.0461123	0.152867	0.0239883
0.118168	0.101044	0.271242	0.310489	0.0461271	0.15293	0.0260615
0.118106	0.100881	0.271309	0.310569	0.0461419	0.152993	0.0283139
0.118045	0.10072	0.271375	0.310649	0.0461565	0.153055	0.030761
0.117985	0.10056	0.271441	0.310728	0.0461709	0.153116	0.0334195
0.117925	0.100401	0.271506	0.310806	0.0461853	0.153177	0.0363078
0.117866	0.100244	0.271571	0.310883	0.0461995	0.153237	0.0394457
0.117807	0.100088	0.271635	0.31096	0.0462136	0.153297	0.0428549
0.117748	0.0999333	0.271699	0.311036	0.0462275	0.153356	0.0465586
0.11769	0.0997801	0.271762	0.311112	0.0462414	0.153415	0.0505825
0.117633	0.0996283	0.271824	0.311187	0.0462551	0.153473	0.0549541
0.117576	0.0994778	0.271886	0.311261	0.0462687	0.153531	0.0597035
0.117519	0.0993287	0.271947	0.311334	0.0462821	0.153588	0.0648634
0.117463	0.0991808	0.272008	0.311407	0.0462955	0.153645	0.0704693
0.117408	0.0990342	0.272068	0.31148	0.0463088	0.153701	0.0765597
0.117353	0.098889	0.272128	0.311551	0.0463218	0.153757	0.0831764
0.117298	0.098745	0.272187	0.311622	0.0463349	0.153812	0.0903649
0.117244	0.0986024	0.272246	0.311692	0.0463478	0.153867	0.0981748
0.117191	0.0984609	0.272304	0.311762	0.0463606	0.153922	0.10666
0.117137	0.0983207	0.272362	0.311831	0.0463732	0.153976	0.115878
0.117085	0.0981817	0.272419	0.3119	0.0463858	0.154029	0.125893
0.117032	0.098044	0.272476	0.311968	0.0463983	0.154082	0.136773
0.116981	0.0979074	0.272532	0.312035	0.0464106	0.154135	0.148594
0.116929	0.0977721	0.272587	0.312102	0.0464228	0.154187	0.161436
0.116878	0.0976379	0.272643	0.312168	0.0464349	0.154239	0.175388
0.116828	0.097505	0.272697	0.312233	0.046447	0.15429	0.190546
0.116778	0.0973732	0.272752	0.312298	0.0464589	0.154341	0.207014
0.116728	0.0972425	0.272805	0.312362	0.0464707	0.154391	0.224905
0.116679	0.097113	0.272859	0.312426	0.0464824	0.154441	0.244343
0.11663	0.0969846	0.272911	0.312489	0.046494	0.154491	0.265461
0.116582	0.0968573	0.272964	0.312552	0.0465055	0.15454	0.288403
0.116534	0.0967312	0.273016	0.312614	0.0465169	0.154588	0.313329
0.116486	0.0966062	0.273067	0.312676	0.0465282	0.154637	0.340408
0.116439	0.0964822	0.273118	0.312737	0.0465395	0.154685	0.369828
0.116392	0.0963594	0.273169	0.312798	0.0465505	0.154732	0.401791
0.116346	0.0962376	0.273219	0.312858	0.0465616	0.154779	0.436516
0.1163	0.0961168	0.273268	0.312917	0.0465725	0.154826	0.474242
0.116254	0.0959972	0.273318	0.312976	0.0465833	0.154872	0.515229
0.116209	0.0958785	0.273366	0.313034	0.046594	0.154918	0.559758
0.116164	0.0957609	0.273415	0.313092	0.0466047	0.154963	0.608135
0.11612	0.0956443	0.273463	0.31315	0.0466152	0.155008	0.660693
0.116076	0.0955288	0.27351	0.313207	0.0466257	0.155053	0.717794
0.116032	0.0954142	0.273557	0.313263	0.0466361	0.155097	0.77983
0.115989	0.0953007	0.273604	0.313319	0.0466463	0.155141	0.847227
0.115946	0.0951881	0.27365	0.313375	0.0466565	0.155185	0.92045
0.115903	0.0950765	0.273696	0.31343	0.0466666	0.155228	1
0.115861	0.0949659	0.273742	0.313484	0.0466766	0.155271	1.08643
0.115819	0.0948562	0.273787	0.313538	0.0466865	0.155314	1.18032
0.115777	0.0947475	0.273831	0.313592	0.0466964	0.155356	1.28233
0.115736	0.0946397	0.273876	0.313645	0.0467061	0.155397	1.39316
0.115695	0.0945329	0.27392	0.313697	0.0467158	0.155439	1.51356
0.115655	0.094427	0.273963	0.31375	0.0467254	0.15548	1.64437
0.115615	0.094322	0.274006	0.313801	0.0467349	0.155521	1.78649
0.115575	0.094218	0.274049	0.313852	0.0467443	0.155561	1.94089
0.115536	0.0941148	0.274092	0.313903	0.0467536	0.155601	2.10863
0.115496	0.0940125	0.274134	0.313954	0.0467629	0.155641	2.29087
0.115458	0.0939111	0.274175	0.314004	0.046772	0.15568	2.48886
0.115419	0.0938106	0.274217	0.314053	0.0467811	0.155719	2.70396
0.115381	0.0937109	0.274258	0.314102	0.0467902	0.155758	2.93765
0.115343	0.0936121	0.274298	0.314151	0.0467991	0.155796	3.19154
0.115306	0.0935142	0.274339	0.314199	0.0468079	0.155834	3.46737
0.115269	0.0934171	0.274379	0.314247	0.0468167	0.155872	3.76704
0.115232	0.0933209	0.274418	0.314294	0.0468254	0.155909	4.09261
0.115195	0.0932255	0.274457	0.314342	0.0468341	0.155947	4.44631
0.115159	0.0931309	0.274496	0.314388	0.0468427	0.155983	4.83059
0.115123	0.0930371	0.274535	0.314434	0.0468511	0.15602	5.24807
0.115087	0.0929441	0.274573	0.31448	0.0468595	0.156056	5.70164
0.115052	0.092852	0.274611	0.314525	0.0468679	0.156092	6.19441
0.115017	0.0927606	0.274648	0.31457	0.0468762	0.156127	6.72977
0.114982	0.0926701	0.274686	0.314615	0.0468844	0.156163	7.31139
0.114948	0.0925803	0.274723	0.314659	0.0468925	0.156198	7.94328
0.114914	0.0924912	0.274759	0.314703	0.0469006	0.156232	8.62979
0.11488	0.0924029	0.274795	0.314747	0.0469086	0.156267	9.37562
0.114846	0.0923154	0.274831	0.31479	0.0469165	0.156301	10.1859
0.114813	0.0922288	0.274867	0.314832	0.0469243	0.156334	11.0662
0.11478	0.0921427	0.274903	0.314875	0.0469321	0.156368	12.0226
0.114747	0.0920575	0.274938	0.314917	0.0469398	0.156401	13.0617
0.114715	0.0919729	0.274972	0.314958	0.0469475	0.156434	14.1906
0.114682	0.0918891	0.275007	0.315	0.0469551	0.156467	15.417
0.114651	0.091806	0.275041	0.315041	0.0469626	0.156499	16.7494
0.114619	0.0917237	0.275075	0.315081	0.04697	0.156531	18.197
0.114588	0.091642	0.275108	0.315121	0.0469774	0.156563	19.7697
0.114556	0.091561	0.275142	0.315161	0.0469848	0.156595	21.4783
0.114526	0.0914808	0.275175	0.315201	0.046992	0.156626	23.3346
0.114495	0.0914013	0.275208	0.31524	0.0469992	0.156657	25.3513
0.114465	0.0913224	0.27524	0.315279	0.0470064	0.156688	27.5423
0.114435	0.0912441	0.275272	0.315317	0.0470135	0.156719	29.9226
0.114405	0.0911666	0.275304	0.315355	0.0470205	0.156749	32.5087
0.114375	0.0910897	0.275336	0.315393	0.0470274	0.156779	35.3183
0.114346	0.0910135	0.275367	0.315431	0.0470343	0.156809	38.3707
0.114317	0.0909379	0.275398	0.315468	0.0470412	0.156838	41.6869
0.114288	0.090863	0.275429	0.315505	0.047048	0.156867	45.2898
0.114259	0.0907887	0.275459	0.315542	0.0470547	0.156896	49.204
0.114231	0.090715	0.275489	0.315578	0.0470614	0.156925	53.4564
0.114203	0.090642	0.27552	0.315614	0.047068	0.156954	58.0764
0.114175	0.0905696	0.275549	0.315649	0.0470746	0.156982	63.0957
0.114147	0.0904978	0.275579	0.315685	0.047081	0.15701	68.5488
0.11412	0.0904267	0.275608	0.31572	0.0470875	0.157038	74.4732
0.114093	0.0903561	0.275637	0.315755	0.0470939	0.157066	80.9096
0.114066	0.0902862	0.275666	0.315789	0.0471002	0.157093	87.9023
0.114039	0.0902168	0.275694	0.315823	0.0471065	0.15712	95.4993
0.114013	0.0901481	0.275723	0.315857	0.0471127	0.157147	103.753
0.113986	0.09008	0.275751	0.315891	0.0471189	0.157174	112.72
0.11396	0.0900124	0.275778	0.315924	0.047125	0.1572	122.462
0.113934	0.0899453	0.275806	0.315957	0.0471311	0.157226	133.045
0.113909	0.0898789	0.275833	0.31599	0.0471371	0.157252	144.544
0.113883	0.089813	0.27586	0.316022	0.0471431	0.157278	157.036
0.113858	0.0897477	0.275887	0.316054	0.047149	0.157304	170.608
0.113833	0.0896829	0.275914	0.316086	0.0471548	0.157329	185.353
0.113808	0.0896188	0.27594	0.316118	0.0471607	0.157354	201.372
0.113784	0.0895551	0.275966	0.316149	0.0471664	0.157379	218.776
0.113759	0.089492	0.275992	0.31618	0.0471722	0.157404	237.684
0.113735	0.0894294	0.276018	0.316211	0.0471778	0.157428	258.226
0.113711	0.0893674	0.276044	0.316242	0.0471834	0.157453	280.543
0.113688	0.0893058	0.276069	0.316272	0.047189	0.157477	304.789
0.113664	0.0892448	0.276094	0.316302	0.0471945	0.157501	331.131
0.113641	0.0891844	0.276119	0.316332	0.0472	0.157525	359.749
0.113618	0.0891244	0.276144	0.316361	0.0472055	0.157548	390.841
0.113595	0.0890649	0.276168	0.31639	0.0472108	0.157571	424.62
0.113572	0.089006	0.276192	0.316419	0.0472162	0.157595	461.318
0.113549	0.0889476	0.276216	0.316448	0.0472215	0.157617	501.187
0.113527	0.0888896	0.27624	0.316477	0.0472267	0.15764	544.503
0.113505	0.0888322	0.276264	0.316505	0.0472319	0.157663	591.562
0.113483	0.0887752	0.276287	0.316533	0.0472371	0.157685	642.688
0.113461	0.0887187	0.27631	0.316561	0.0472422	0.157707	698.232
0.113439	0.0886627	0.276333	0.316588	0.0472473	0.157729	758.578
0.113418	0.0886072	0.276356	0.316616	0.0472523	0.157751	824.138
0.113396	0.0885521	0.276379	0.316643	0.0472573	0.157773	895.365
0.113375	0.0884975	0.276401	0.31667	0.0472622	0.157794	972.747
0.113354	0.0884434	0.276423	0.316696	0.0472672	0.157815	1056.82
0.113334	0.0883897	0.276445	0.316723	0.047272	0.157836	1148.15
0.113313	0.0883365	0.276467	0.316749	0.0472768	0.157857	1247.38
0.113293	0.0882838	0.276489	0.316775	0.0472816	0.157878	1355.19
0.113272	0.0882314	0.276511	0.316801	0.0472864	0.157899	1472.31
0.113252	0.0881796	0.276532	0.316826	0.0472911	0.157919	1599.56
0.113232	0.0881281	0.276553	0.316852	0.0472957	0.157939	1737.8
0.113213	0.0880771	0.276574	0.316877	0.0473004	0.157959	1887.99
0.113193	0.0880266	0.276595	0.316902	0.0473049	0.157979	2051.16
0.113174	0.0879764	0.276615	0.316926	0.0473095	0.157999	2228.44
0.113154	0.0879267	0.276636	0.316951	0.047314	0.158018	2421.03
0.113135	0.0878775	0.276656	0.316975	0.0473184	0.158038	2630.27
0.113116	0.0878286	0.276676	0.316999	0.0473229	0.158057	2857.59
0.113098	0.0877801	0.276696	0.317023	0.0473273	0.158076	3104.56
0.113079	0.0877321	0.276716	0.317047	0.0473316	0.158095	3372.87
0.113061	0.0876844	0.276735	0.31707	0.0473359	0.158114	3664.38
0.113042	0.0876372	0.276755	0.317093	0.0473402	0.158132	3981.07
0.113024	0.0875903	0.276774	0.317116	0.0473444	0.158151	4325.14
0.113006	0.0875439	0.276793	0.317139	0.0473487	0.158169	4698.94
